0.4128
1.2991
1.2214
1.0570
1.1207
0.8836
1.1988
1.1930
0.7614
0.8945
1.1813
1.0900
0.8929
1.0759
1.1949
0.9483
0.8584
0.7099
1.1648
1.2212
0.7650
1.3250
0.7087
0.5210
1.0536
1.1853
0.4791
0.5261
0.9137
0.9966
1.1395
0.7339
0.6115
1.0589
0.5084
0.4596
0.9007
0.5575
1.1994
1.0468
1.3111
0.5434
1.2235
0.5237
0.9382
0.7250
0.9142
0.7221
0.7054
0.6095
0.5191
1.1207
0.4231
0.6950
1.1591
0.6726
0.4370
0.9278
1.0826
0.5114
0.8761
1.3770
1.1970
0.9256
1.1970
1.1286
0.9400
1.3162
0.4178
0.8727
0.7726
0.8910
0.8303
0.6859
1.2077
1.1888
0.7171
1.2790
0.6069
1.1605
1.0661
0.5263
1.2492
1.1813
0.8945
0.8499
1.2096
0.8499
0.7202
0.3416
0.3925
0.9046
1.2654
1.0786
1.1376
0.6171
1.4524
1.1550
0.8828
1.2312
0.7726
1.2522
0.6523
1.2181
0.7338
1.0287
1.0546
0.3404
1.0689
0.6508
1.0664
1.3440
1.0454
1.0092
0.7623
1.1526
0.5220
1.0395
0.7950
1.2816
1.3911
1.2274
0.9666
0.8661
1.4101
0.7264
1.2005
1.2757
0.2950
0.5231
0.7363
0.9736
1.0481
1.0536
1.1853
0.9052
1.5078
1.2604
0.9268
0.6169
1.0915
1.1154
0.9188
0.7438
0.5059
0.9152
0.7035
0.5863
0.9700
0.9946
0.7122
0.9343
0.5741
0.5741
0.5232
0.3835
0.5265
1.4770
1.1269
1.3808
0.5052
0.7747
0.6212
1.3128
0.5094
1.1924
0.9403
0.7173
0.8170
0.8677
0.9215
0.9360
1.1322
0.6651
0.3745
1.2053
0.7534
1.1942
1.3386
0.7282
0.9685
0.8566
1.0209
1.0429
1.2730
1.0041
1.0661
1.1837
0.6013
0.6233
1.1422
0.7701
1.2974
1.1485
0.9420
1.1995
1.0508
1.2180
0.6873
1.3351
0.7504
0.6601
1.4971
0.9442
0.8727
1.1871
0.9256
1.0301
0.6869
0.6832
0.9449
0.5988
0.9780
0.7226
1.1633
1.3505
0.8092
1.0927
0.9025
1.0915
0.6053
1.3734
1.1836
1.1924
0.5724
0.4827
0.8499
1.0738
1.4770
0.6958
1.0209
1.3370
0.3416
0.9182
0.9850
0.9759
0.5658
1.2855
0.8942
1.3174
1.1750
1.0519
0.6439
0.9140
0.4178
0.8487
0.8823
0.3750
0.7441
1.1870
1.1255
0.9302
0.8894
1.4975
0.7687
0.8910
1.1199
1.4361
0.5325
0.5806
1.2663
0.9869
1.2491
1.2730
1.2919
0.5251
0.9256
1.1663
0.6651
0.7279
0.9785
0.7474
0.2950
0.7818
0.6841
1.1216
0.9016
1.2212
1.1745
1.0954
1.1661
1.0673
0.5054
0.6523
1.0820
1.1199
0.6130
0.4854
1.1610
0.5863
0.8086
0.9626
0.4520
1.1154
0.7955
1.1973
0.8293
1.1450
0.4520
1.1381
1.3918
1.1517
0.6869
0.7419
1.2919
0.7965
1.0081
1.0664
0.8430
1.3869
0.6439
1.1633
1.1656
1.2312
0.9065
0.5179
0.9268
0.4159
1.1487
0.7226
1.1231
1.2905
1.3579
1.2970
0.9016
0.4795
1.1933
1.2903
1.1306
1.1743
1.1673
1.3169
1.1743
1.3088
0.6722
0.9072
0.9587
0.7911
1.2905
0.6351
0.5048
0.7504
0.6113
1.3032
0.9276
0.1546
1.0209
1.1094
0.9684
0.5990
1.0280
1.2705
1.0995
1.1892
1.3676
0.3404
1.1286
0.9744
1.1906
0.3260
0.5909
1.1916
0.6351
0.8100
1.3196
0.9039
1.1123
0.8956
1.2473
0.5886
1.2970
0.7351
1.0746
1.4975
0.8514
1.1888
0.7700
1.1826
1.1619
0.9014
0.5325
1.0153
1.2592
1.1252
1.3081
0.4058
0.5724
1.3548
0.6646
0.4536
0.5990
0.8176
1.1403
0.8823
0.6415
1.2654
1.1407
0.6747
1.2730
0.7651
1.3297
0.7261
0.4516
1.1973
0.4548
0.6465
0.6282
1.4679
0.6279
0.6813
0.8705
1.2301
0.8576
1.2790
1.2212
0.6538
0.6238
1.1836
0.7335
0.5791
0.7504
0.8102
1.2178
1.2919
0.4987
1.2871
1.2414
0.7803
0.7083
1.2518
0.9685
1.3265
1.0598
0.8310
0.6212
1.0630
1.1960
0.5473
1.1760
1.0808
0.8351
0.7955
0.8512
0.8388
1.1266
0.7281
0.7803
0.9795
0.6656
0.7256
1.1661
0.7199
1.1609
0.4520
1.1542
1.2473
0.9091
0.7264
1.1534
1.3169
0.8848
1.1403
1.0032
1.1370
0.5191
0.3182
0.4265
1.0939
0.6485
0.5147
0.7261
1.1995
1.2991
0.8726
0.1546
0.8211
0.5566
0.9706
0.9656
1.2155
1.2013
0.3899
1.1419
0.4239
0.8104
0.5785
0.5868
0.8442
0.7614
1.3419
0.9780
0.9316
1.2359
1.2875
1.3419
1.2991
1.2359
0.7792
1.1966
0.4795
1.1743
0.8189
1.1892
0.9509
1.2127
1.2974
1.2341
1.1176
1.0265
1.2275
0.5575
0.4959
1.1329
0.7088
1.1481
0.6489
1.1579
0.4856
0.7845
0.9382
0.5220
1.1775
0.6310
1.1395
1.1028
1.0449
0.9379
1.1407
0.8753
0.5903
0.6750
0.7952
1.2252
0.7279
0.9367
0.6608
0.8487
1.2779
1.2520
1.1500
0.9029
0.7693
1.1487
0.9751
1.1499
1.2609
1.3185
0.9736
0.1546
1.2511
0.8657
1.0343
0.4618
0.7950
0.3660
0.9137
0.7199
0.7792
1.3686
0.4096
0.3895
0.9604
0.8018
0.5845
1.1067
1.1517
0.7991
1.1381
1.1241
0.4618
0.3669
1.3770
1.1610
1.0803
0.7595
0.5200
1.4145
1.0813
1.0356
0.8576
0.7250
0.5603
0.9150
0.8976
1.2623
0.9869
0.8650
0.8653
1.2465
1.1816
0.8026
1.2274
1.1534
0.4730
1.1542
0.7094
0.9064
0.8296
0.5050
1.3210
0.9345
1.2901
0.5495
1.4145
0.9512
0.5820
1.0998
1.1748
1.1211
1.1199
1.1673
0.6682
1.1403
1.1349
1.0633
1.1960
1.2240
0.7321
0.5231
1.2905
1.2399
1.2662
1.3175
0.4953
1.1636
0.8660
1.0456
1.1825
1.3217
1.4073
0.9292
0.5763
1.0157
0.4987
1.3265
0.5543
1.1991
0.5845
1.3175
1.2880
0.4751
0.6608
0.4534
0.6442
1.0637
1.0633
1.1252
0.9837
0.8919
1.0624
0.5954
1.2739
0.8512
0.6327
0.8749
1.0345
1.4101
1.1926
0.6615
0.6608
0.8282
1.2282
1.2178
0.7722
0.7726
1.0030
1.1212
0.8311
1.3185
1.0804
1.1122
0.8430
0.5625
1.0828
0.9492
1.2077
0.9616
0.4247
0.9203
0.9869
0.5764
1.2204
0.4424
0.5191
1.2155
1.1827
1.1212
1.0457
1.2506
0.7623
0.7535
0.4242
1.2112
0.4424
1.0826
1.0801
1.4235
0.4950
0.8573
0.5221
0.6366
1.1648
1.1605
1.2525
1.4102
1.2334
0.7537
0.6351
0.4751
1.1970
0.8273
0.7088
0.9009
1.1970
0.8392
0.6882
0.4502
1.3780
0.5586
0.6802
0.6965
0.7221
0.7107
0.4473
0.7291
1.1211
0.7747
1.2325
1.5762
1.1605
1.2192
1.0755
0.2950
1.1407
1.0047
1.3370
1.2233
0.7792
0.6480
1.1970
0.8503
0.9754
0.6398
0.7279
0.7335
0.8133
0.5052
1.0861
0.5538
1.2979
1.1517
0.9138
0.6130
0.9780
1.0429
1.0002
1.2233
0.6623
1.3734
0.9594
0.5005
0.7958
1.1834
0.3621
0.9441
1.0579
1.1500
0.6366
0.6839
1.1364
1.3676
0.4360
0.6859
0.3047
0.7045
0.5720
1.0883
0.9946
1.2178
1.4102
0.4502
1.3911
0.3590
0.6989
0.7503
0.5724
1.1812
0.8498
0.5575
1.5078
1.3869
1.0030
1.0280
1.1496
1.1349
1.1661
0.9439
1.2492
1.3918
1.1837
1.1702
1.1286
0.4103
0.7543
1.2314
1.2757
1.2704
0.3780
1.0454
0.5901
0.7363
1.1964
0.6282
0.8945
1.2672
0.3423
0.9968
0.7202
1.3100
0.9213
0.5434
0.5785
0.4217
1.3422
0.9150
1.0869
0.9228
0.4111
1.0046
0.6282
0.7106
0.5263
1.2654
1.0395
0.8739
0.5203
0.6113
0.4291
1.3380
1.1648
0.7226
0.7986
0.3504
0.5963
1.2038
1.0472
0.7197
0.6501
1.0517
0.6682
1.1916
0.5603
0.4930
1.4206
0.9284
0.7694
0.6750
0.5799
0.2293
0.6205
0.5844
0.9759
0.7042
0.5048
0.7884
1.0555
1.0868
0.8256
0.5430
1.0546
1.2122
0.7779
0.5234
0.6909
0.9220
0.6415
0.7351
0.7427
1.2309
1.1813
1.1861
1.3220
0.8913
0.8677
1.2387
0.4870
0.4064
0.6169
1.1603
1.0437
0.4520
0.5462
1.2281
1.0287
1.0092
1.2122
0.8910
1.1594
0.9793
0.5082
1.4235
1.1512
1.1419
0.5760
1.1238
1.0081
0.9188
1.4361
0.7526
1.1526
0.1300
0.9801
1.1690
1.1207
0.7474
0.8727
0.6970
0.8623
1.1750
1.2005
0.8276
1.2586
1.2133
1.1252
1.2007
1.0910
0.6682
1.3579
0.3940
0.7005
1.1045
0.6715
1.2662
0.4265
0.5234
0.6386
0.9027
0.6929
0.7474
1.0287
0.9838
1.1575
1.1839
0.8188
1.1630
0.7694
0.6030
0.5903
0.6623
0.5484
1.0673
0.6532
0.7700
0.6031
1.0758
1.1994
0.5687
1.0490
1.0074
0.7801
0.9492
0.3423
0.6113
1.3921
1.1372
1.2919
1.2013
0.6688
0.9004
1.0287
1.5762
0.5473
1.0620
0.8951
1.0683
0.5084
1.2181
0.8974
0.7614
0.6013
0.7144
0.9439
0.6756
0.7733
0.8783
0.5630
1.1839
0.7581
1.0287
0.7663
1.0345
1.1496
0.7171
1.2586
1.2301
1.2653
1.2341
0.8836
0.9439
0.3491
1.1269
0.9774
1.2991
1.2897
1.1349
0.7735
0.5379
0.9492
0.9644
0.7755
0.5589
1.0430
1.2311
0.6651
1.1500
1.0503
0.7693
1.2414
0.7252
1.1827
0.7235
0.8409
0.7073
1.2239
1.0153
1.1555
0.5820
0.5179
0.5854
0.4720
1.2142
1.2954
0.7441
1.1534
1.1527
0.9522
0.9007
1.1617
1.0598
0.7537
0.6511
0.4239
1.2337
1.1376
1.1487
0.8823
1.1624
1.1543
0.7198
1.0803
0.7540
1.1999
1.1241
1.2662
1.2240
0.9727
1.0680
0.5854
1.0705
0.5580
0.8992
1.1589
1.1746
0.9109
0.4288
0.9508
0.5294
0.7235
0.8483
0.9157
0.7095
1.4206
1.2480
1.0190
1.1543
1.2897
0.9487
1.3548
1.2856
0.7053
1.0944
0.9944
0.7053
1.2816
1.0915
0.7368
0.5484
1.2005
0.6069
0.9783
0.5820
1.3220
1.1461
0.6310
0.7639
0.6902
1.1949
0.7858
1.2235
0.5430
1.1823
1.2254
1.2399
0.3575
1.0869
0.9587
0.8200
0.5473
1.1812
1.0859
1.3217
0.9121
1.0756
0.4870
1.0598
0.4520
1.3562
1.1673
0.9988
0.7197
1.2162
1.2434
1.2996
0.7991
0.9570
0.4248
0.7807
1.2178
0.4827
1.2491
0.6998
0.7793
1.3220
0.8276
0.8945
0.6844
0.8102
1.2816
0.6846
0.5881
1.2914
1.1605
1.0998
0.7364
1.2492
0.5726
1.2663
1.1035
1.0939
1.1594
0.7651
1.1050
0.4954
0.8111
0.9706
1.2096
1.1861
0.8462
1.4524
0.5988
1.3370
0.9644
0.4954
1.0860
0.4612
0.9316
0.7535
0.4392
0.5367
1.1538
1.0292
1.1594
1.1783
1.0062
0.8712
0.7950
0.6919
0.5635
0.7230
1.3162
0.7639
0.5238
0.7095
1.0546
1.2525
1.3570
1.0199
1.1365
1.1212
1.0738
0.7988
0.4424
0.7855
0.7220
1.1760
1.1837
1.0579
0.4618
1.1238
0.3780
0.7720
0.8823
0.8359
0.6810
0.6753
0.8558
1.1356
0.8545
1.2434
1.2871
1.0081
1.1871
0.9138
1.2006
0.7321
0.9087
0.9203
1.4518
1.0517
0.4628
0.8440
0.5903
1.2289
1.2905
1.2106
0.5434
0.7595
0.5289
0.6351
1.1252
1.3301
0.4618
0.9584
0.9626
0.6402
0.5430
1.2974
1.2498
1.3175
1.1813
0.5395
1.1833
1.1223
0.4978
0.3404
0.8089
0.5428
1.1286
1.0813
1.3088
0.5988
1.3918
1.1349
0.7969
1.0461
1.1760
0.8727
1.2623
1.1190
1.1995
1.0430
0.9433
0.5312
0.7335
0.9838
0.7122
0.9027
1.1760
0.5461
1.2518
0.5238
1.2856
1.1836
0.6259
1.4145
0.7690
1.3003
0.6130
0.7151
1.0869
0.8597
1.2463
1.2357
1.1538
1.1988
1.3215
0.7755
0.5760
0.8739
0.9905
1.3083
1.1407
0.9672
0.9171
0.6528
0.7063
0.8049
1.2370
0.8442
0.6326
1.2399
0.7964
0.5603
0.5210
1.1212
0.5575
1.0473
1.2317
1.2463
0.5146
1.3579
0.9556
1.2077
1.0416
1.2053
0.7485
1.3288
0.5658
0.9570
1.1906
0.6354
0.9256
1.0900
0.8276
1.1370
1.2204
0.3377
0.3377
1.1861
1.2480
1.2654
0.8727
0.7397
1.3454
1.0589
0.7700
0.8388
0.8176
0.8527
0.5764
0.8576
1.2492
0.7700
1.3321
0.8729
1.3051
0.7693
1.1745
0.3826
1.2007
1.2998
1.2816
1.2212
0.9345
0.6508
0.8626
0.5203
1.1266
1.3780
0.3911
1.2434
0.7199
0.8705
1.3505
1.1888
1.1543
1.4254
0.7351
1.3869
1.2901
0.7750
0.9974
1.3220
1.2970
0.9795
0.7612
0.9644
0.9944
1.2434
0.9467
0.6259
0.5893
0.6173
0.8952
0.4884
0.7264
0.7510
1.1988
0.5741
0.7948
1.4239
0.9493
0.9343
0.6810
1.5606
0.6810
1.2638
0.7701
0.6848
0.7035
0.5581
1.3041
0.4223
1.1329
0.7537
1.1900
0.7537
1.0081
0.4824
1.1813
0.6868
1.1211
0.6974
1.1487
0.9587
0.5956
1.1187
0.9302
1.1611
0.6623
0.5462
0.8329
0.5625
1.2068
0.7285
0.5304
0.8727
1.4101
1.2742
1.0915
0.5954
1.1825
0.8584
0.7829
0.7734
1.1783
1.1187
1.3918
0.9685
1.1035
1.2592
0.4058
0.4217
0.4058
1.3370
1.1419
0.3911
0.5868
1.1810
1.1812
1.1597
0.2950
0.8442
1.2337
0.5262
0.7219
0.7930
1.4679
1.2212
1.0345
0.9753
0.7614
1.0090
1.3162
1.3128
1.2440
1.2377
1.0683
0.5990
0.5638
1.1783
1.3032
1.2178
1.1633
0.9604
0.8823
1.2685
0.6190
1.1745
0.8388
0.3899
0.7950
0.9684
1.2998
0.6492
0.9794
0.8802
1.1030
0.7339
0.5220
1.1591
1.2520
0.7632
1.0219
1.0157
0.5430
1.1401
0.4473
0.3724
0.6651
0.8256
0.7915
0.8836
1.0859
1.2143
0.8330
0.7245
0.5418
0.8761
0.7979
1.2672
1.0190
0.9650
0.8806
1.3734
0.4058
1.2661
0.9275
1.4206
1.1970
1.0861
1.1832
1.2275
1.1419
0.6212
0.6415
1.0508
0.4994
0.7202
0.7610
0.7700
1.1518
0.9706
0.4959
0.9163
0.9785
1.3297
0.9946
1.0801
0.9324
0.9203
1.2672
0.7291
1.1419
0.9211
0.7694
0.6098
1.0468
0.4869
0.9587
0.9521
0.7540
1.0883
0.9461
0.9894
1.1755
1.1605
1.1127
0.5428
1.1900
0.4795
1.0468
1.1827
1.3918
0.8910
0.4959
1.2903
0.9292
1.1383
1.2317
0.9009
1.3505
0.6841
1.2666
0.6327
1.0551
0.6878
0.4058
0.8630
1.1826
1.3250
0.6442
0.7911
0.8248
1.1216
0.9521
0.4791
1.2007
1.1748
1.0449
0.8012
0.9869
1.1212
0.9501
1.3454
0.9894
0.9191
0.6747
0.8128
0.7455
0.6351
0.7171
0.7803
1.2178
0.8877
0.4954
1.2993
0.7033
0.4239
0.9684
0.7358
1.4145
1.0029
0.3826
1.2088
0.8442
1.3017
0.6376
0.6859
1.1403
1.1373
0.5791
1.1381
1.5606
0.6415
0.7348
0.4261
1.2583
0.7464
0.7427
1.2414
1.1690
1.1833
1.2239
0.7363
1.1933
0.5879
0.9521
1.1912
0.6571
0.5658
1.3454
1.2240
0.6873
0.5589
0.5473
1.0868
1.2905
1.4587
1.4153
0.7063
0.5901
0.9753
1.2005
0.8487
0.9177
1.0393
0.7800
1.1211
0.8612
0.8914
0.8619
1.0088
0.4493
0.8487
0.5794
1.0570
0.8181
1.0395
0.8705
1.1705
1.0045
0.5582
1.1917
1.4921
1.1748
1.3297
1.1894
1.1045
0.8392
1.1123
1.1555
1.3548
0.8293
1.2576
1.1062
1.0533
1.2154
0.5084
0.5146
0.7073
0.6623
1.1975
1.1543
1.1365
0.4111
0.9508
1.1871
1.2387
1.1083
0.4064
1.1190
0.3292
0.7339
1.2233
0.5251
1.2013
0.9508
0.9744
1.1329
0.8921
1.2233
0.8769
1.2162
0.7202
0.8285
1.0869
1.1966
1.4239
1.0801
0.6327
0.6439
0.6310
0.9774
1.0910
1.5078
1.2954
0.7549
0.4231
1.0860
1.2681
0.7712
1.2979
1.4145
1.1783
1.1617
0.7137
0.5635
1.1931
0.5265
0.5238
1.4731
0.9043
0.7216
1.0954
0.6013
0.8621
1.0461
0.7285
1.2337
1.1370
1.2289
1.2970
0.6716
1.1422
1.1534
0.6068
1.0869
1.1518
1.1017
0.6489
0.4730
0.7829
0.9007
1.4073
1.1450
0.8303
1.3370
1.4070
0.9869
0.3826
0.8899
1.1837
0.4514
1.1190
0.8464
1.3676
0.6970
0.5261
0.9407
0.4994
0.5238
1.2370
1.0190
1.1853
1.1822
1.2311
0.9169
1.5429
0.3575
0.6099
0.5217
0.9672
0.9117
1.2772
0.8802
0.7501
0.5053
0.7639
0.5451
0.7224
0.3948
1.1552
1.0432
1.1933
