0.2915
1.0242
1.0102
0.6534
0.7288
0.4356
1.2235
1.0455
1.0236
1.1049
1.0020
0.7126
0.7660
0.7954
0.7975
0.9177
1.1784
0.0914
1.1628
1.1332
0.6546
1.2274
0.7310
0.8307
1.2787
1.1813
0.7233
0.8092
0.9435
0.5286
0.8311
0.5219
0.9015
1.2811
0.6428
0.5352
1.0509
0.6160
0.9774
0.5583
1.0685
0.7979
1.0260
0.5056
1.1549
0.7520
0.7258
0.7640
0.7434
0.5482
0.7036
0.7288
0.4834
0.7320
1.1778
0.4970
0.1958
0.5609
1.3250
0.7020
0.7743
1.2260
0.8876
1.2463
1.3540
0.7456
0.5772
0.7367
0.5747
1.1513
1.1705
0.5329
0.5868
1.0089
0.8195
1.0743
1.1500
0.7957
1.0662
0.7886
1.3884
0.7403
0.9689
0.9281
1.1049
0.2600
1.1425
0.2600
0.4233
0.2505
0.6795
0.7981
1.0138
1.1938
1.2273
0.5641
1.1597
1.2492
0.5080
1.1229
1.1705
0.9907
0.4612
0.9576
0.7370
1.1105
1.2096
0.5044
1.1701
0.4834
1.1638
1.3939
1.4187
0.7487
1.1328
1.2188
0.4165
0.9133
0.5220
1.2869
0.9110
0.9324
1.1683
1.1772
1.4990
1.1506
1.2275
0.9305
0.3273
0.6858
0.9617
1.2205
0.9100
0.9235
1.1592
1.0928
1.6315
1.1512
1.2871
0.3442
0.7142
1.3705
0.5189
0.9576
0.3865
1.1046
0.9817
0.5918
0.5794
0.6765
0.6650
0.5563
0.3206
0.3206
0.3853
0.3613
0.9458
1.4544
0.8400
1.4581
0.4890
0.5685
0.6858
1.0255
0.6150
0.9632
0.7537
0.7038
1.0843
0.5650
0.4981
1.0518
1.3642
0.8990
0.3620
0.7619
0.4247
1.2295
1.0161
0.5511
1.3845
0.9548
1.1570
0.6791
1.1592
0.5262
1.3884
1.2055
0.6857
0.6444
0.6844
0.3537
1.1640
0.8082
0.9865
0.9493
1.1034
0.8856
0.9182
1.2589
0.4664
0.8444
1.1667
0.5597
1.1513
0.9438
1.2463
0.6862
0.2926
1.1053
0.6133
0.8352
0.8753
0.8521
1.0030
1.0002
0.7456
0.7071
1.1490
0.7142
1.0969
1.4049
0.9881
0.9632
0.8136
0.4190
0.2600
1.0651
1.4544
0.4260
1.1570
1.1042
0.2505
0.5390
0.7478
0.6015
0.4228
1.0593
0.4207
1.0973
1.2724
0.4105
0.3837
1.2531
0.5747
1.0557
1.1650
0.5550
0.3161
0.6645
1.1718
0.6173
0.7799
1.0124
1.1527
0.5329
1.1921
1.3038
0.8105
0.5554
1.2866
0.6327
1.2906
1.1592
1.3615
0.5382
1.2463
1.1406
0.8990
1.0281
1.1527
0.8934
0.3273
0.8644
1.2571
1.1090
0.5808
1.2161
1.1067
0.7572
1.3487
0.8841
0.6079
0.4612
0.7463
1.1921
0.3035
0.3032
1.3201
0.7196
0.9349
0.9101
0.4766
1.3705
0.6827
0.9413
0.5182
0.7716
0.4766
1.1386
1.0096
1.1903
0.2926
1.0570
1.3615
0.5504
1.2425
1.1638
0.9301
1.2453
0.3837
1.0030
1.2129
1.1229
1.1411
0.2953
1.2871
0.2661
0.8992
0.8521
0.7753
1.1077
0.8432
1.0424
0.5808
0.5076
1.0810
1.2780
0.9272
1.0401
0.8950
1.1554
1.0401
1.0289
0.5486
0.8748
0.5320
0.5959
1.2840
0.3959
0.4306
0.4664
0.7189
1.2390
0.9632
0.0700
1.1570
0.6499
1.1507
0.8039
1.2002
1.2977
0.6666
0.9441
1.1262
0.1998
1.2154
0.8604
0.8985
0.6181
0.7756
0.9694
0.3959
1.0141
0.9485
0.7176
1.0701
1.1621
0.8786
0.4523
1.0424
1.0567
0.7261
1.0124
1.1978
1.0743
1.0459
1.0601
1.1263
1.1046
0.8105
1.2248
0.9755
1.4405
1.1575
0.3676
0.8136
0.9385
0.8752
0.5916
0.8039
1.1581
1.1505
1.1650
0.8386
1.0138
1.0356
0.9984
1.1592
1.1076
1.2615
0.4353
0.3438
0.9413
0.6124
0.8299
0.8321
1.1510
0.6124
0.6070
0.8894
0.9286
0.5778
0.7957
1.1332
0.5780
0.5752
0.9881
1.0453
0.7240
0.4664
1.0512
1.1691
1.3615
0.6989
0.9236
0.9704
0.6664
0.5260
1.2749
1.3845
1.1911
0.8984
1.0867
0.6858
1.1715
0.8976
0.4701
0.7480
0.9104
0.8541
0.6827
1.1035
1.0534
0.9099
0.9608
0.6664
0.5377
0.7973
1.0125
1.3487
1.0443
1.0793
0.4766
0.9436
0.8786
0.5993
1.1506
0.9117
1.1554
0.8765
1.1505
1.2024
1.1722
0.7036
0.2295
0.8271
1.4322
0.3418
0.2776
0.4353
0.9493
1.0242
1.1800
0.0700
1.0312
0.4600
1.1383
1.1289
1.1494
1.0779
0.6963
1.0696
0.5248
0.6327
0.8007
0.6408
1.1021
1.0236
0.8289
0.8753
1.0859
1.0529
1.1102
0.8289
1.0242
1.0529
1.0732
0.8753
0.5076
1.0401
1.1758
0.9441
0.9906
0.8881
1.1640
1.3669
0.7922
1.0464
0.7971
0.6160
0.7289
0.6524
0.9711
0.9800
0.4542
1.2393
0.7335
1.0022
1.0994
0.4165
0.7119
0.8718
1.1527
1.1903
0.6380
0.5525
1.0356
1.0136
0.3491
0.7319
0.8399
1.0424
0.4443
0.7231
0.9379
1.0557
1.2968
1.0529
0.8933
0.8168
0.4605
1.1845
1.1100
1.1234
1.3535
1.0382
1.2205
0.0700
1.3904
0.8930
0.7038
0.4810
0.5220
0.6365
0.9435
1.0443
1.0732
1.2806
0.3383
0.5445
1.1765
0.4506
0.4567
0.8118
1.1903
0.6838
1.1386
0.7965
0.4810
0.6941
1.2260
1.3201
1.1845
1.0626
0.5299
1.1529
1.3682
1.1715
0.5778
0.7520
0.6662
1.0010
0.7404
1.2697
1.2000
0.6558
0.9449
0.8922
0.9132
0.4886
0.9324
1.2231
0.5792
0.9436
0.6785
0.8311
0.4268
0.4875
1.1251
1.0686
1.4199
0.4990
1.1843
1.2064
0.2804
0.7413
0.9380
0.7508
1.1921
0.8950
0.8844
1.1505
0.6979
0.6626
0.8575
1.0818
0.9381
0.6858
1.1077
0.9938
1.2297
0.9752
0.5351
0.8955
0.5007
0.9849
1.0771
1.2712
1.2133
0.7928
0.4089
1.1599
0.6989
1.1911
0.6354
0.9197
0.4567
0.9752
1.2933
0.5460
0.9379
0.4342
0.9519
1.1046
0.6626
1.4405
0.7377
0.7526
1.0205
0.3960
1.2491
1.1035
0.8579
0.9520
0.4638
1.4990
1.1077
0.7129
0.9379
0.2826
0.6431
1.1691
0.7065
1.1705
0.5631
1.0146
0.6632
1.0382
1.0630
0.9823
0.9301
0.7828
0.7201
1.2378
0.8195
0.7785
0.5662
1.1080
1.2000
0.5279
0.8200
0.5165
0.7036
1.1494
1.0275
1.0146
1.1820
1.0054
1.1328
1.0838
0.7414
1.2142
0.5165
1.3250
1.1304
1.3809
0.7532
0.7666
0.6902
1.1258
1.1628
1.2946
1.5185
1.0356
0.9445
0.4289
0.3959
0.5460
0.8876
1.2063
0.9711
1.1707
1.3540
0.9057
0.6907
0.5930
0.8403
0.6486
0.9708
0.6349
0.6984
0.7273
0.5546
1.0602
0.7508
0.5685
0.7670
1.3849
1.2946
1.3615
0.6283
0.3273
1.0356
1.2454
1.1042
0.8494
1.0732
0.8800
0.8876
0.6756
1.1507
0.8902
0.4443
1.0453
0.4994
0.4890
0.6825
0.4752
1.0860
1.1903
0.5652
0.3035
0.8753
0.6791
0.9252
0.8494
0.2157
1.4049
1.2378
0.6205
0.8492
1.1320
0.3371
0.6121
1.2321
0.8933
1.1258
0.6169
1.1697
1.1262
0.5472
1.0089
0.2653
0.8834
0.7223
1.1230
0.6765
1.1691
1.0356
0.5930
0.9110
0.5585
0.5770
1.0056
0.8136
1.2199
0.8133
0.6160
1.6315
1.2453
0.5631
1.2002
1.1799
0.6979
1.3487
0.6505
0.9689
1.0096
1.2055
0.9576
0.7456
0.4069
1.1928
1.1496
0.9305
0.8980
0.3719
1.4187
0.6660
0.9617
0.9179
0.8321
1.1134
1.0126
0.5937
0.9557
0.4233
1.5184
1.0301
0.7979
0.8007
0.4950
1.0580
1.0010
1.2013
1.0515
0.3248
1.1835
0.8321
0.7899
0.7403
1.0138
0.9133
1.1476
0.4157
0.7189
0.3736
1.1073
1.1628
0.8521
0.7573
0.7222
0.5646
0.9679
1.2113
0.4909
0.7285
0.6595
0.4682
0.9694
0.6662
0.6124
1.2282
0.9653
1.0742
0.7319
0.7534
0.3823
0.5103
0.4548
0.6015
0.9779
0.4306
0.7975
0.9021
1.2580
1.1453
0.4608
1.2096
0.8978
0.8573
0.3166
0.3285
1.0130
0.8386
1.0567
0.8339
1.1040
0.9281
0.8739
1.0372
0.9447
0.5650
1.1658
0.6687
0.4532
0.3442
0.8027
0.9000
0.4766
0.4936
1.0476
1.1105
0.7487
0.8978
0.5329
1.3344
0.7034
0.5782
1.3809
1.0459
0.8646
0.5494
0.7557
1.2425
0.5189
1.3038
0.7125
1.2188
0.1065
0.9416
1.3888
0.7288
0.8934
0.7253
1.1517
0.8979
1.2724
1.2275
1.0890
0.8774
0.9035
1.4405
1.1475
1.0654
0.8844
0.8432
0.4334
0.2208
1.1549
0.6553
1.2297
0.8271
0.3166
0.5619
0.5090
1.0370
0.8934
1.1105
0.6251
0.6898
0.8865
0.8330
1.0406
1.0742
0.9648
0.3491
0.2157
0.7898
0.8841
0.8391
1.0459
0.6295
1.1737
0.9774
0.7992
0.7309
0.9156
0.7835
1.2378
0.5937
0.7189
0.9764
0.7983
1.3615
1.0779
0.9556
0.5365
1.1105
1.3849
0.9676
1.0243
0.9064
1.3269
0.6428
0.9576
0.9269
1.0236
0.6857
0.4950
0.6505
0.4086
0.7159
1.0846
1.1275
0.8865
1.0389
1.1105
1.0326
1.1288
1.1799
0.5308
0.8774
0.9286
1.1369
1.3669
0.4356
0.6505
0.5568
0.8400
0.6597
1.0242
1.0503
0.6979
0.7986
0.4165
1.2378
1.1584
1.1558
0.4229
1.1052
1.1705
0.8990
0.8933
1.1401
0.4605
0.9704
0.7492
1.0275
0.4028
0.5711
1.0416
0.8443
1.2248
1.0614
0.2804
0.2953
0.9776
0.5980
0.9552
1.1710
0.3161
0.9117
0.8578
1.2325
1.0509
1.0679
0.8984
0.4866
0.8387
0.5248
1.2050
1.2273
0.8992
1.1650
0.8220
1.3251
0.9722
1.1845
1.0778
1.2150
0.7965
1.2297
1.0818
1.2213
1.1418
0.9776
0.6988
0.3949
0.9546
1.0914
0.7191
0.7805
0.6305
1.1513
0.4339
0.4028
1.1282
0.6397
0.9873
1.2282
1.1058
0.6286
0.8771
1.0503
0.5501
0.9385
1.1599
0.9253
1.2968
1.2050
0.9253
1.2869
0.7142
0.6334
0.7898
1.2275
1.0662
1.0791
0.2804
1.0372
0.7142
0.8718
0.4238
0.6624
0.7975
1.0007
1.0260
0.4608
1.2069
1.2248
0.8866
0.5343
1.2013
0.5320
0.7606
0.4701
1.2199
1.3059
1.2712
1.2379
1.1648
0.6687
0.8984
0.4766
1.0653
0.8950
1.0097
0.4909
0.9895
0.4220
1.2203
0.6838
1.1440
0.4108
0.6808
0.9745
0.4190
1.2906
0.7758
0.8423
1.0372
1.0890
1.1049
0.8554
1.0512
1.2869
0.8111
0.7334
1.3895
0.7886
0.7413
0.9714
0.9689
0.6533
1.2866
0.7338
1.4322
1.3344
1.1076
1.1358
0.6665
0.8753
0.8671
1.1425
0.8739
0.8122
1.1597
0.8352
1.1042
1.1584
0.6665
1.1284
0.8761
1.0859
1.0838
0.5584
0.3407
0.9689
0.7013
1.3344
1.1131
0.5407
0.5730
0.5220
0.8092
0.5970
0.9438
0.7367
0.4238
0.4266
0.9873
1.2096
1.5185
0.9499
0.9190
1.2125
1.0146
1.0651
0.4822
0.5165
0.7096
0.6725
0.7480
1.2055
1.2321
0.4810
0.7557
0.3719
0.8091
1.1650
0.5198
1.0000
0.6337
0.6382
0.8675
0.7139
0.4220
0.9236
0.6692
0.9438
0.5652
0.8967
0.9381
0.5502
1.1037
0.7855
0.6595
0.5560
0.3963
0.3491
1.2412
1.1077
0.8768
0.7979
1.0626
0.6508
0.3959
1.4405
1.0659
0.4810
1.2111
0.9101
0.6719
0.4608
1.1640
0.8852
0.9752
0.9281
0.7294
1.0322
1.1501
0.4523
0.5044
0.4323
0.3459
0.7456
1.3682
1.0289
0.8352
1.0096
0.6979
1.1010
0.6018
0.7480
1.1513
1.2697
1.2648
0.9493
1.1052
1.3031
0.6610
1.0453
0.9820
0.6650
0.5090
0.7480
0.6331
1.2749
0.4266
1.1599
0.9881
0.4679
1.1843
0.7742
0.7865
0.3035
0.5747
1.2013
0.4912
1.3013
1.0152
0.9689
1.2235
1.1514
1.1558
0.5494
1.1476
1.1930
0.8215
1.0356
1.0404
1.1225
0.8926
0.6853
0.5887
1.2034
1.1021
0.2988
0.9938
0.6557
0.6662
0.6412
1.0146
0.6160
0.8763
1.2837
1.3013
0.6425
0.8432
1.1021
0.8195
1.1094
0.7619
0.8004
1.2841
0.4228
1.1440
0.8985
0.3000
1.2463
1.2605
1.0890
1.1722
0.8200
0.3358
0.3358
0.8739
1.1058
1.0138
1.1513
0.9812
1.1114
1.2811
1.0459
1.0534
1.1581
0.5327
0.5279
0.5778
0.9689
1.0459
1.0037
1.0813
0.8265
0.4605
1.1067
0.6232
1.1475
0.9304
1.2869
1.2161
1.0686
0.5522
1.0297
0.4157
0.9099
0.8403
0.6679
0.4220
1.0443
1.0583
1.0002
1.0743
0.8771
1.2817
1.0567
1.2453
1.4199
0.7867
0.6643
1.0372
1.0424
0.5377
0.7000
1.1584
1.2050
0.4220
1.3622
0.4679
0.7412
0.6976
0.5614
0.4478
1.1506
0.6635
1.2235
0.3206
0.9841
1.1395
1.1978
0.5563
1.0000
1.4972
1.0000
1.0320
0.3537
0.4127
0.6135
0.7976
0.9754
0.3906
0.6524
0.4866
0.9512
0.4289
1.2425
0.5025
1.0020
0.9455
0.7508
0.8181
0.8992
0.6049
0.5720
1.0866
0.8868
0.8992
0.2157
0.4936
1.2065
0.7828
0.5610
0.6973
0.5671
1.1513
1.4990
0.8313
0.7142
0.3960
1.0771
1.1784
0.9198
0.8745
1.1131
1.0866
1.0096
1.3845
0.7338
0.9755
0.3676
0.4950
0.3676
1.1042
1.0696
0.6679
0.6408
1.1282
1.2199
1.0838
0.3273
1.1021
1.2050
0.2980
0.7727
0.8054
1.1510
1.2161
1.1288
1.1116
1.0236
0.8535
0.7367
1.0255
1.2502
1.3057
1.3269
0.9094
0.4392
1.1131
1.2390
1.1691
1.0030
1.1765
1.1650
0.7298
0.5460
1.1067
1.0534
0.6963
0.5220
1.1507
0.8974
1.0416
0.7921
0.4976
1.2618
0.5219
0.4165
0.7920
1.0529
1.1627
1.1554
1.1599
0.4608
0.8644
0.5546
0.5259
0.8990
1.1453
0.5795
0.4356
1.3059
1.2625
0.7903
1.0906
0.4977
0.7743
0.2880
1.0126
0.6286
0.5994
0.9735
1.4049
0.3676
1.2275
0.7127
1.2282
0.8876
0.6825
1.1514
0.7971
0.8646
0.6858
0.8386
1.1034
0.3735
0.4233
0.5542
1.0459
1.1613
0.8671
0.7289
0.8209
1.1527
1.2615
0.6765
1.1304
0.6725
1.1080
1.0126
1.0602
1.0696
0.6821
1.0742
0.3586
0.5583
0.4940
0.5320
1.1300
1.0778
1.1230
1.0802
1.1229
1.3074
1.2946
0.7937
0.3459
0.9512
0.5076
0.5583
1.3013
1.0096
0.5329
0.7289
1.2780
0.6879
0.7002
1.2837
1.1707
1.0002
1.2571
1.3859
0.8579
0.6666
0.6702
0.3676
0.7713
1.0601
1.2274
0.9519
1.0140
0.5838
1.1090
1.1300
0.7233
1.1475
0.9380
0.6380
1.0642
0.6327
0.7365
1.3022
1.1114
1.1229
0.9231
0.9984
0.9884
0.4798
0.3959
1.1500
0.6664
1.1691
1.1584
0.6665
0.8141
0.9211
0.5248
1.1507
0.9735
1.1843
0.7926
0.6232
1.0472
1.1021
1.1010
0.4984
1.0089
1.1505
1.1877
0.7240
1.1386
1.4972
0.8386
0.7063
0.6068
0.8574
0.4919
0.8339
0.9704
1.3888
1.0322
0.8443
0.9617
1.0810
0.4174
1.1300
1.0032
0.4576
0.4228
1.1114
1.0818
0.9182
0.4229
0.9676
1.2580
1.2840
1.2261
1.0568
0.6853
0.6660
1.1116
1.2275
1.0557
1.1227
0.6244
0.3075
0.7508
0.8169
1.1646
0.5059
0.5805
0.5687
1.0557
0.6165
0.6534
0.6847
0.9133
1.0583
1.0380
0.7078
0.7064
0.9721
1.0725
0.9380
1.2615
1.3613
1.1549
0.8675
1.0701
1.0614
0.9385
0.5182
0.8516
1.2876
1.2697
1.3288
0.6428
0.6425
1.0416
0.2157
1.1815
0.8771
1.2125
0.3248
1.1513
0.9438
1.1658
1.1536
0.4532
1.2648
0.6297
0.5219
0.8494
0.5382
1.0779
1.1513
0.8604
0.6524
1.1322
1.0921
0.9534
0.9895
0.4233
1.0734
1.2013
0.8753
1.1395
1.1304
0.8579
0.3837
0.8718
0.6597
1.0654
1.6315
1.1710
0.6964
0.4834
1.1284
0.8035
0.4999
1.0860
1.1529
1.1131
1.0679
0.2876
0.5970
1.2051
0.4850
0.4266
1.1865
1.1942
0.8839
0.7572
0.6857
0.7153
0.6018
0.6973
1.2050
1.1722
1.2412
1.0424
0.9042
0.6844
0.9117
0.5781
1.2013
1.1613
0.7105
0.4542
0.5792
0.9198
1.0509
1.2133
0.7716
0.5868
1.1042
0.9638
1.2000
0.6232
0.4766
1.2055
0.3010
1.2648
0.7025
1.1262
1.1517
0.8092
0.5867
0.3735
0.4266
1.2034
0.6286
1.1813
0.9006
1.1705
1.1597
1.3704
0.5343
0.8801
0.7526
1.0404
0.8193
1.0478
0.5841
1.1175
0.8945
0.4238
0.3739
0.7198
0.4226
1.1297
0.8903
1.0810
